$gauss_Sc1_rmse_LRC100
[1] 0.1722928

$gauss_Sc1_rmse_BARTPP
[1] 0.2049927

$gauss_Sc1_rmse_BARTNP
[1] 0.2196956

$gauss_Sc1_rmse_BARTCP
[1] 0.1424019

$gauss_Sc1_rmse_CBART
[1] 0.1495771

$gauss_Sc1_ess_prior_LRC100
[1] 82.10016

$gauss_Sc1_ess_real_LRC100
[1] 52.52555

$gauss_Sc1_ceiling
[1] 127.2676

$gauss_Sc1_capped
[1] 0.204

$gauss_Sc2_ceiling
[1] 23.1413

$gauss_Sc2_bias_LRC100
[1] 0.02274998

$gauss_Sc2_bias_BARTCP
[1] 0.05782135

$gauss_Sc2_bias_CBART
[1] 0.04224097

$gauss_Sc2_bias_f25
[1] 0.01215256

$gauss_Sc3_bias_LRC100
Sc3_rho-0.5    Sc3_rho0  Sc3_rho0.5 
 0.04202746  0.04111370  0.04047778 

$gauss_Sc3_bias_BARTPP
Sc3_rho-0.5    Sc3_rho0  Sc3_rho0.5 
 0.02742386  0.02928925  0.02854129 

$gauss_Sc3_rmse_LRC100
Sc3_rho-0.5    Sc3_rho0  Sc3_rho0.5 
  0.2783697   0.2801654   0.2749968 

$gauss_Sc3_rmse_BARTPP
Sc3_rho-0.5    Sc3_rho0  Sc3_rho0.5 
  0.2703548   0.2731394   0.2669777 

$gauss_Sc3_ess_real_LRC100
[1] 1.630446

$gauss_Sc3_map_LRC100
[1] 0.06537437

$gauss_Sc3_bias_CBART
[1] 0.2264773

$gauss_Sc3_bias_BARTCP
[1] 0.9840176

$gauss_Sc3_bias_Hg10
[1] 0.05504398

$gauss_Sc4d2_map
[1] 0.64328617 0.05198496

$gauss_Sc4d1_map
[1] 0.6242652 0.5227294

$gauss_Sc4d05_map
[1] 0.8356655 0.8254064

$gauss_Sc4d2_g
[1] -0.255240 -1.713483

$gauss_Sc4d2_surf_LRC
[1] 0.8237110 0.8571891

$gauss_Sc4d2_surf_PP
[1] 0.7852866 0.8224862

$gauss_Sc4d2_surf_CBART_Rc
[1] 1.087363

$gauss_Sc4d1_bias_LRC
[1] -0.04094113

$gauss_Sc4d1_rmse_LRC
[1] 0.2229975

$gauss_Sc4d1_rmse_PP
[1] 0.2068442

$gauss_Sc4d1_cov_LRC
[1] 0.888

$gauss_Sc4d1_bias_CBART
[1] -0.2065794

$gauss_Sc4d1_bias_BARTCP
[1] -0.3381117

$gauss_Sc4d1_bias_f25
[1] -0.0316617

$gauss_Sc4d2_bias_LRC
[1] 0.0001573965

$gauss_Sc4d2_bias_CBART
[1] -0.2270668

$gauss_Sc4d2_bias_BARTCP
[1] -0.6849422

$gauss_Sc5d2_bias_LRC
[1] -0.000508376

$gauss_Sc5d2_rmse_LRC
[1] 0.2033824

$gauss_Sc5d2_map
[1] 0.008263081

$gauss_Sc5d2_ess_real
[1] 0.2482234

$gauss_Sc5d2_bias_CBART
[1] -0.3163254

$gauss_Sc5d2_bias_BARTCP
[1] -1.389795

$gauss_Sc5d1_map
[1] 0.1038975

$surv_Sc1_rmse_LRC
[1] 0.3122186

$surv_Sc1_rmse_PP
[1] 0.3449864

$surv_Sc1_bias_NP
[1] 0.2602174

$surv_Sc1_rmse_NP
[1] 0.511118

$surv_Sc1_bias_NP_rmst
[1] 0.1308134

$surv_Sc3_bias_LRC
Sc3_rho-0.5    Sc3_rho0  Sc3_rho0.5 
  0.1468175   0.1547111   0.1521900 

$surv_Sc3_bias_PP
Sc3_rho-0.5    Sc3_rho0  Sc3_rho0.5 
 0.04704032  0.04136963  0.04639143 

$surv_Sc3_bias_NP
Sc3_rho-0.5    Sc3_rho0  Sc3_rho0.5 
  0.1884984   0.1859583   0.1953271 

$surv_Sc3_rmse_LRC
[1] 0.5577114

$surv_Sc3_rmse_PP
[1] 0.4512585

$surv_Sc3_ctrl_bias_LRC
[1] 0.01962948

$surv_Sc3_ctrl_bias_PP
[1] -0.005843944

$surv_Sc3_rmst_bias_LRC
[1] 0.03101857

$surv_Sc3_rmst_bias_PP
[1] -0.004649779

$surv_Sc3_rmst_rmse_LRC
[1] 0.1457592

$surv_Sc3_rmst_rmse_PP
[1] 0.1369021

$surv_Sc3_bias_CBART
[1] 0.5755853

$surv_Sc3_bias_BARTCP
[1] 2.307716

$surv_Sc4d1_map
[1] 0.6371763 0.5827570

$surv_Sc4d1_bias_LRC
[1] -0.01094534

$surv_Sc4d1_bias_CBART
[1] -0.2016188

$surv_Sc5_bias_LRC
[1] 0.03184792

$surv_Sc5_map
[1] 0.16137

$surv_Sc5_bias_CBART
[1] -0.2334958

$surv_Sc5_bias_BARTCP
[1] -0.7033106

$surv_Sc1_pow_LRC
[1] 0.34

$surv_Sc1_pow_PP
[1] 0.254

$surv_Sc2_ceiling
[1] 40.23794

$surv_Sc1_ceiling
[1] 203.2376


CAHB: 02-validation/cahb/summary_table.csv
  scenario       method n_rep         bias         sd      rmse   cov   pow
       Sc1         CAHB   200 -0.002700158  0.4103648 0.2575312 1.000 0.780
       Sc1     CAHB-p10   200 -0.018342618  0.5424954 0.2622217 1.000 0.335
       Sc1     CAHB-lit   200 -0.086832313 12.2259697 0.9501233 1.000 0.065
       Sc1 LRC-BART-100   200 -0.008560194  0.1706296 0.1750972 0.935 1.000
       Sc1      BART-PP   200 -0.014089419  0.2073435 0.2059920 0.940 1.000
       Sc1      BART-CP   200 -0.005796092  0.1452033 0.1477364 0.960 1.000
       Sc1      BART-NP   200 -0.015590504  0.2022140 0.2234013 0.895 1.000
       Sc1         PSCL   200 -0.017070342  0.2686627 0.2615361 0.940 0.975
       Sc1      MAP-100   200 -0.021833542  0.2900766 0.2664140 0.950 0.945
 Sc4_X5_d1         CAHB   200 -0.207551411  0.4131824 0.3328897 0.980 0.425
 Sc4_X5_d1     CAHB-p10   200 -0.259705681  0.5450375 0.3798715 1.000 0.125
 Sc4_X5_d1     CAHB-lit   200 -0.088061774 12.2072516 0.9483676 1.000 0.065
 Sc4_X5_d1 LRC-BART-100   200 -0.064159107  0.1939857 0.2274946 0.870 1.000
 Sc4_X5_d1      BART-PP   200 -0.023044463  0.2093979 0.2025934 0.960 1.000
 Sc4_X5_d1      BART-CP   200 -0.351593728  0.1461761 0.3817583 0.315 0.995
 Sc4_X5_d1      BART-NP   200 -0.015590504  0.2022140 0.2234013 0.895 1.000
 Sc4_X5_d1         PSCL   200 -0.268240108  0.2703694 0.3733486 0.865 0.765
 Sc4_X5_d1      MAP-100   200 -0.253600149  0.3033680 0.3808659 0.890 0.715
 Sc4_X5_d2         CAHB   200 -0.332815086  0.4220262 0.4531356 0.955 0.250
 Sc4_X5_d2     CAHB-p10   200 -0.265066604  0.5845505 0.5329869 0.975 0.170
 Sc4_X5_d2     CAHB-lit   200 -0.088999963 12.1872807 0.9474995 1.000 0.065
 Sc4_X5_d2 LRC-BART-100   200 -0.020214281  0.1884891 0.2056675 0.905 1.000
 Sc4_X5_d2      BART-PP   200 -0.028785678  0.2101163 0.2025469 0.950 1.000
 Sc4_X5_d2      BART-CP   200 -0.697133528  0.1491011 0.7136277 0.005 0.525
 Sc4_X5_d2      BART-NP   200 -0.015590504  0.2022140 0.2234013 0.895 1.000
 Sc4_X5_d2         PSCL   200 -0.519414177  0.2729137 0.5807462 0.495 0.385
 Sc4_X5_d2      MAP-100   200 -0.409977702  0.3289834 0.5216462 0.730 0.405
    Sc5_d1         CAHB   200 -0.437153375  0.4186926 0.5457150 0.910 0.165
    Sc5_d1     CAHB-p10   200 -0.290245838  0.5814703 0.5492255 0.975 0.170
    Sc5_d1     CAHB-lit   200 -0.088930970 12.1983630 0.9480128 1.000 0.065
    Sc5_d1 LRC-BART-100   200 -0.024548976  0.1909956 0.2102389 0.900 1.000
    Sc5_d1      BART-PP   200 -0.024824057  0.2083826 0.2016672 0.950 1.000
    Sc5_d1      BART-CP   200 -0.700091822  0.1472779 0.7160039 0.000 0.515
    Sc5_d1      BART-NP   200 -0.015590504  0.2022140 0.2234013 0.895 1.000
    Sc5_d1         PSCL   200 -0.519243725  0.2686627 0.5809823 0.490 0.400
    Sc5_d1      MAP-100   200 -0.377377939  0.3364850 0.5041849 0.775 0.445
    Sc5_d2         CAHB   200 -0.066869179  0.4787491 0.4000469 0.950 0.515
    Sc5_d2     CAHB-p10   200 -0.028380845  0.6481001 0.3395191 1.000 0.205
    Sc5_d2     CAHB-lit   200 -0.090245619 12.1654009 0.9474499 1.000 0.065
    Sc5_d2 LRC-BART-100   200 -0.019084235  0.1888012 0.2052701 0.910 1.000
    Sc5_d2      BART-PP   200 -0.033966381  0.2088782 0.2061997 0.960 1.000
    Sc5_d2      BART-CP   200 -1.401620257  0.1526498 1.4101395 0.000 0.745
    Sc5_d2      BART-NP   200 -0.015590504  0.2022140 0.2234013 0.895 1.000
    Sc5_d2         PSCL   200 -1.021417108  0.2686627 1.0544280 0.040 0.050
    Sc5_d2      MAP-100   200 -0.430248985  0.3451241 0.5511742 0.735 0.370
 pow90    ctrl_bias  ctrl_rmse surf_rmse surf_rmse_R surf_rmse_Rc       map_R
 0.905 -0.023464049 0.18433620 2.1760056   2.0711308    2.2726302 0.519897442
 0.590  0.043780616 0.17552761 2.4079599   2.2977977    2.5094212 0.502945920
 0.075  0.090926361 0.91668197 4.6270394   4.8259146    3.1603752 0.005306635
 1.000  0.007856897 0.12573550 0.7572265   0.7396537    0.7711499 0.924720520
 1.000  0.013379114 0.16057561 0.7733580   0.7537459    0.7893613          NA
 1.000  0.005851366 0.09383573 0.7512330   0.7310152    0.7678062          NA
 1.000  0.014861455 0.17612136 1.1598478   1.1463015    1.1689765          NA
 0.990  0.008969376 0.16891299 2.4916658   2.3561492    2.6167975          NA
 0.970  0.011932697 0.17277814 2.4919518   2.3564653    2.6165391          NA
 0.665  0.181043636 0.26239172 2.1726197   2.1334630    2.2068401 0.526471479
 0.270  0.285143679 0.34007491 2.4228901   2.3837783    2.4564921 0.496939155
 0.075  0.092155823 0.91482932 4.6212904   4.8195824    3.1583720 0.005111376
 1.000  0.063455810 0.19002795 0.8200327   0.7778104    0.8556692 0.644073267
 1.000  0.022334157 0.16010675 0.8032779   0.7760079    0.8256144          NA
 0.995  0.351649002 0.36455898 0.8972562   0.7497412    1.0210661          NA
 1.000  0.014861455 0.17612136 1.1598478   1.1463015    1.1689765          NA
 0.870  0.260139142 0.31009543 2.5049972   2.4485109    2.5563252          NA
 0.830  0.243699305 0.30688087 2.5047480   2.4417250    2.5614561          NA
 0.420  0.309053835 0.39786463 2.1669538   2.1716854    2.1572175 0.491590193
 0.285  0.290504602 0.48235042 2.4205697   2.3857769    2.4475349 0.309278171
 0.075  0.093094011 0.91390375 4.6155384   4.8146171    3.1547051 0.004819104
 1.000  0.019510983 0.15837052 0.8441902   0.8195647    0.8618928 0.660065661
 1.000  0.028075372 0.15553166 0.8089054   0.7802126    0.8324525          NA
 0.645  0.697188802 0.70462278 1.2387439   0.7719842    1.5730640          NA
 1.000  0.014861455 0.17612136 1.1598478   1.1463015    1.1689765          NA
 0.520  0.511313210 0.53914175 2.5432566   2.5623735    2.5196008          NA
 0.535  0.400076857 0.45611240 2.5273320   2.5114942    2.5375656          NA
 0.260  0.410989167 0.49036576 2.2033346          NA    2.2033346          NA
 0.275  0.315683836 0.50131929 2.4277288          NA    2.4277288          NA
 0.075  0.093025018 0.91444469 4.6171591          NA    4.6171591          NA
 1.000  0.023845679 0.16639139 0.7724840          NA    0.7724840          NA
 1.000  0.024113752 0.15854056 0.7734856          NA    0.7734856          NA
 0.645  0.700147097 0.70677397 1.0381788          NA    1.0381788          NA
 1.000  0.014861455 0.17612136 1.1598478          NA    1.1598478          NA
 0.520  0.511142759 0.53868490 2.5431834          NA    2.5431834          NA
 0.565  0.367477094 0.43386127 2.5234149          NA    2.5234149          NA
 0.735  0.040704972 0.32581195 1.9828461          NA    1.9828461          NA
 0.350  0.053818843 0.25276057 2.3435198          NA    2.3435198          NA
 0.075  0.094339668 0.91382238 4.6089490          NA    4.6089490          NA
 1.000  0.018380938 0.16332454 0.7772346          NA    0.7772346          NA
 1.000  0.033256076 0.16240894 0.7732144          NA    0.7732144          NA
 0.830  1.401675532 1.40537633 1.6152504          NA    1.6152504          NA
 1.000  0.014861455 0.17612136 1.1598478          NA    1.1598478          NA
 0.090  1.013316142 1.02809041 2.6891216          NA    2.6891216          NA
 0.475  0.420348141 0.48394033 2.5325053          NA    2.5325053          NA
       map_Rc      map_all ess_prior ess_realized     seconds
 5.137580e-01 5.174016e-01        NA 1.144782e+02 0.632770108
 5.029392e-01 5.030352e-01        NA 1.031186e+02 0.056185677
 5.277945e-03 5.306060e-03        NA 5.534116e-01 0.021073002
 9.234611e-01 9.241304e-01  81.78050 5.227039e+01 2.081426780
           NA           NA        NA           NA 1.487367331
           NA           NA        NA           NA 1.548419365
           NA           NA        NA           NA 1.047453777
           NA           NA 100.00000           NA 0.003983659
           NA           NA  99.99983           NA 0.899674566
 4.828762e-01 5.054514e-01        NA 1.091613e+02 0.781936908
 4.945700e-01 4.958675e-01        NA 1.011560e+02 0.127057254
 5.558506e-03 5.334521e-03        NA 5.567175e-01 0.020483613
 5.304246e-01 5.863730e-01  81.22977 2.158142e+01 2.405562789
           NA           NA        NA           NA 1.693114072
           NA           NA        NA           NA 1.704533206
           NA           NA        NA           NA 1.146829301
           NA           NA 100.00000           NA 0.004528767
           NA           NA  99.99988           NA 1.019023538
 4.060338e-01 4.493190e-01        NA 9.388551e+01 0.797740800
 3.059311e-01 3.076452e-01        NA 6.247907e+01 0.125582806
 4.948604e-03 4.884004e-03        NA 5.083127e-01 0.021078568
 5.250803e-02 3.562221e-01  81.68520 8.687949e-01 2.213395730
           NA           NA        NA           NA 1.568691831
           NA           NA        NA           NA 1.571603459
           NA           NA        NA           NA 1.055567949
           NA           NA 100.00000           NA 0.004258469
           NA           NA 100.00059           NA 0.955392435
 4.742140e-01 4.742140e-01        NA 1.027013e+02 0.812289197
 3.243784e-01 3.243784e-01        NA 6.646615e+01 0.125987262
 5.097816e-03 5.097816e-03        NA 5.304289e-01 0.021357378
 1.025791e-01 1.025791e-01  81.78050 8.693341e-01 2.138064340
           NA           NA        NA           NA 1.531680738
           NA           NA        NA           NA 1.594040051
           NA           NA        NA           NA 1.048152980
           NA           NA 100.00000           NA 0.004243166
           NA           NA  99.99983           NA 0.933334376
 2.575294e-02 2.575294e-02        NA 5.832675e+00 0.734028217
 1.666660e-16 1.666660e-16        NA 9.997558e-16 0.134969360
 4.167845e-03 4.167845e-03        NA 4.323966e-01 0.021611675
 8.473937e-03 8.473937e-03  81.78050 2.384984e-01 2.155295072
           NA           NA        NA           NA 1.535800815
           NA           NA        NA           NA 1.618025732
           NA           NA        NA           NA 1.054922971
           NA           NA 100.00000           NA 0.004261646
           NA           NA  99.99983           NA 0.938862482

Regional ESS: 02-validation/sc4_boundary/regional_ess_summary.csv
    scenario region     n_S        V_S     c_g_S   ess0_S ceiling_S ess_real_S
         Sc1    all 300.000 0.01641732 0.9034063 79.98494 122.61090 52.2703859
 Sc4_X5_d0.5    all 300.000 0.01645902 0.9034063 80.75111 121.78637 46.2915098
   Sc4_X5_d1    all 300.000 0.01660314 0.9034063 79.34558 121.18975 21.5814187
   Sc4_X5_d2    all 300.000 0.01680345 0.9034063 79.61067 119.47590  0.8687949
      Sc5_d2    all 300.000 0.01641732 0.9034063 79.98494 122.61090  0.2384984
         Sc1      R 150.515 0.03059289 0.9075067 49.67222  66.29142 32.6551914
 Sc4_X5_d0.5      R 150.515 0.03171093 0.9075067 48.44142  63.60619 28.1897873
   Sc4_X5_d1      R 150.515 0.03197805 0.9075067 47.74378  63.23054 15.1431182
   Sc4_X5_d2      R 150.515 0.03254965 0.9075067 47.49742  62.16056  9.5123906
      Sc5_d2      R 150.515 0.03059289 0.9075067 49.67222  66.29142  0.2370912
         Sc1     Rc 149.485 0.03138630 0.9075185 48.74381  65.10425 31.8598871
 Sc4_X5_d0.5     Rc 149.485 0.03227983 0.9075185 47.72338  62.65189 27.3351999
   Sc4_X5_d1     Rc 149.485 0.03329828 0.9075185 46.41645  61.08148 12.7410938
   Sc4_X5_d2     Rc 149.485 0.03305922 0.9075185 46.99303  61.11062  0.4405493
      Sc5_d2     Rc 149.485 0.03138630 0.9075185 48.74381  65.10425  0.2381546
 ess0_S_median ess_real_S_median
      80.26351        52.8750441
      80.94347        48.4940153
      79.23575        13.1073112
      79.45811         0.5870547
      80.26351         0.2300760
      49.80579        34.0051035
      48.43757        30.5444918
      48.59128        11.6850268
      47.95311         8.0130942
      49.80579         0.2277741
      49.73179        32.5912593
      47.84488        29.1853546
      46.85822         8.5080514
      46.66258         0.2564269
      49.73179         0.2306712

Control-profile surface: 02-validation/sc4_boundary/summary.csv
    scenario       method n_rep region n_profiles surf_rmse lrc_ess0_mean
         Sc1      BART-CP   200    all    100.490 0.6855799            NA
         Sc1      BART-CP   200      R     50.320 0.6659064            NA
         Sc1      BART-CP   200     Rc     50.170 0.7010392            NA
         Sc1      BART-CP   200  R_far     30.945 0.6792379            NA
         Sc1      BART-CP   200 Rc_far     31.420 0.7121843            NA
 Sc4_X5_d0.5      BART-CP   200    all    100.490 0.7192808            NA
 Sc4_X5_d0.5      BART-CP   200      R     50.320 0.6789242            NA
 Sc4_X5_d0.5      BART-CP   200     Rc     50.170 0.7532532            NA
 Sc4_X5_d0.5      BART-CP   200  R_far     30.945 0.6898952            NA
 Sc4_X5_d0.5      BART-CP   200 Rc_far     31.420 0.7530541            NA
   Sc4_X5_d1      BART-CP   200    all    100.490 0.7933285            NA
   Sc4_X5_d1      BART-CP   200      R     50.320 0.6781352            NA
   Sc4_X5_d1      BART-CP   200     Rc     50.170 0.8903225            NA
   Sc4_X5_d1      BART-CP   200  R_far     30.945 0.6856481            NA
   Sc4_X5_d1      BART-CP   200 Rc_far     31.420 0.8861834            NA
   Sc4_X5_d2      BART-CP   200    all    100.490 1.0624611            NA
   Sc4_X5_d2      BART-CP   200      R     50.320 0.6952197            NA
   Sc4_X5_d2      BART-CP   200     Rc     50.170 1.3322247            NA
   Sc4_X5_d2      BART-CP   200  R_far     30.945 0.7002738            NA
   Sc4_X5_d2      BART-CP   200 Rc_far     31.420 1.3206363            NA
      Sc5_d2      BART-CP   200    all    100.490 1.3838570            NA
      Sc5_d2      BART-CP   200      R     50.320 1.4186796            NA
      Sc5_d2      BART-CP   200     Rc     50.170 1.3480944            NA
      Sc5_d2      BART-CP   200  R_far     30.945 1.3612402            NA
      Sc5_d2      BART-CP   200 Rc_far     31.420 1.3210037            NA
         Sc1      BART-NP   200    all    100.490 0.9545374            NA
         Sc1      BART-NP   200      R     50.320 0.9398152            NA
         Sc1      BART-NP   200     Rc     50.170 0.9643287            NA
         Sc1      BART-NP   200  R_far     30.945 0.9412867            NA
         Sc1      BART-NP   200 Rc_far     31.420 0.9806446            NA
 Sc4_X5_d0.5      BART-NP   200    all    100.490 0.9545374            NA
 Sc4_X5_d0.5      BART-NP   200      R     50.320 0.9398152            NA
 Sc4_X5_d0.5      BART-NP   200     Rc     50.170 0.9643287            NA
 Sc4_X5_d0.5      BART-NP   200  R_far     30.945 0.9412867            NA
 Sc4_X5_d0.5      BART-NP   200 Rc_far     31.420 0.9806446            NA
   Sc4_X5_d1      BART-NP   200    all    100.490 0.9545374            NA
   Sc4_X5_d1      BART-NP   200      R     50.320 0.9398152            NA
   Sc4_X5_d1      BART-NP   200     Rc     50.170 0.9643287            NA
   Sc4_X5_d1      BART-NP   200  R_far     30.945 0.9412867            NA
   Sc4_X5_d1      BART-NP   200 Rc_far     31.420 0.9806446            NA
   Sc4_X5_d2      BART-NP   200    all    100.490 0.9545374            NA
   Sc4_X5_d2      BART-NP   200      R     50.320 0.9398152            NA
   Sc4_X5_d2      BART-NP   200     Rc     50.170 0.9643287            NA
   Sc4_X5_d2      BART-NP   200  R_far     30.945 0.9412867            NA
   Sc4_X5_d2      BART-NP   200 Rc_far     31.420 0.9806446            NA
      Sc5_d2      BART-NP   200    all    100.490 0.9545374            NA
      Sc5_d2      BART-NP   200      R     50.320 0.9398152            NA
      Sc5_d2      BART-NP   200     Rc     50.170 0.9643287            NA
      Sc5_d2      BART-NP   200  R_far     30.945 0.9412867            NA
      Sc5_d2      BART-NP   200 Rc_far     31.420 0.9806446            NA
         Sc1      BART-PP   200    all    100.490 0.6990679            NA
         Sc1      BART-PP   200      R     50.320 0.6819574            NA
         Sc1      BART-PP   200     Rc     50.170 0.7113682            NA
         Sc1      BART-PP   200  R_far     30.945 0.6961068            NA
         Sc1      BART-PP   200 Rc_far     31.420 0.7255900            NA
 Sc4_X5_d0.5      BART-PP   200    all    100.490 0.7041852            NA
 Sc4_X5_d0.5      BART-PP   200      R     50.320 0.6847777            NA
 Sc4_X5_d0.5      BART-PP   200     Rc     50.170 0.7189742            NA
 Sc4_X5_d0.5      BART-PP   200  R_far     30.945 0.7041222            NA
 Sc4_X5_d0.5      BART-PP   200 Rc_far     31.420 0.7186792            NA
   Sc4_X5_d1      BART-PP   200    all    100.490 0.7270312            NA
   Sc4_X5_d1      BART-PP   200      R     50.320 0.7046069            NA
   Sc4_X5_d1      BART-PP   200     Rc     50.170 0.7439092            NA
   Sc4_X5_d1      BART-PP   200  R_far     30.945 0.7288620            NA
   Sc4_X5_d1      BART-PP   200 Rc_far     31.420 0.7479817            NA
   Sc4_X5_d2      BART-PP   200    all    100.490 0.7279550            NA
   Sc4_X5_d2      BART-PP   200      R     50.320 0.7044431            NA
   Sc4_X5_d2      BART-PP   200     Rc     50.170 0.7460368            NA
   Sc4_X5_d2      BART-PP   200  R_far     30.945 0.7234761            NA
   Sc4_X5_d2      BART-PP   200 Rc_far     31.420 0.7477625            NA
      Sc5_d2      BART-PP   200    all    100.490 0.7024698            NA
      Sc5_d2      BART-PP   200      R     50.320 0.6880635            NA
      Sc5_d2      BART-PP   200     Rc     50.170 0.7127491            NA
      Sc5_d2      BART-PP   200  R_far     30.945 0.6987580            NA
      Sc5_d2      BART-PP   200 Rc_far     31.420 0.7233641            NA
         Sc1 LRC-BART-100   200    all    100.490 0.7048240      2.180683
         Sc1 LRC-BART-100   200      R     50.320 0.6877648      2.270823
         Sc1 LRC-BART-100   200     Rc     50.170 0.7171296      2.093516
         Sc1 LRC-BART-100   200  R_far     30.945 0.7006942      2.172461
         Sc1 LRC-BART-100   200 Rc_far     31.420 0.7330070      1.990604
 Sc4_X5_d0.5 LRC-BART-100   200    all    100.490 0.7198420      2.134994
 Sc4_X5_d0.5 LRC-BART-100   200      R     50.320 0.6945180      2.227340
 Sc4_X5_d0.5 LRC-BART-100   200     Rc     50.170 0.7403130      2.044152
 Sc4_X5_d0.5 LRC-BART-100   200  R_far     30.945 0.7127352      2.144091
 Sc4_X5_d0.5 LRC-BART-100   200 Rc_far     31.420 0.7462708      1.967014
   Sc4_X5_d1 LRC-BART-100   200    all    100.490 0.7451899      2.114977
   Sc4_X5_d1 LRC-BART-100   200      R     50.320 0.7130422      2.200449
   Sc4_X5_d1 LRC-BART-100   200     Rc     50.170 0.7719464      2.031274
   Sc4_X5_d1 LRC-BART-100   200  R_far     30.945 0.7307245      2.124903
   Sc4_X5_d1 LRC-BART-100   200 Rc_far     31.420 0.7735279      1.964350
   Sc4_X5_d2 LRC-BART-100   200    all    100.490 0.7681857      2.064774
   Sc4_X5_d2 LRC-BART-100   200      R     50.320 0.7512141      2.149555
   Sc4_X5_d2 LRC-BART-100   200     Rc     50.170 0.7799550      1.981731
   Sc4_X5_d2 LRC-BART-100   200  R_far     30.945 0.7474272      2.081497
   Sc4_X5_d2 LRC-BART-100   200 Rc_far     31.420 0.7697519      1.920077
      Sc5_d2 LRC-BART-100   200    all    100.490 0.7243901      2.180683
      Sc5_d2 LRC-BART-100   200      R     50.320 0.7085183      2.270823
      Sc5_d2 LRC-BART-100   200     Rc     50.170 0.7360014      2.093516
      Sc5_d2 LRC-BART-100   200  R_far     30.945 0.7221851      2.172461
      Sc5_d2 LRC-BART-100   200 Rc_far     31.420 0.7487356      1.990604
 lrc_ess0_median lrc_ceiling_mean lrc_ess_real_mean lrc_ess_real_median
              NA               NA                NA                  NA
              NA               NA                NA                  NA
              NA               NA                NA                  NA
              NA               NA                NA                  NA
              NA               NA                NA                  NA
              NA               NA                NA                  NA
              NA               NA                NA                  NA
              NA               NA                NA                  NA
              NA               NA                NA                  NA
              NA               NA                NA                  NA
              NA               NA                NA                  NA
              NA               NA                NA                  NA
              NA               NA                NA                  NA
              NA               NA                NA                  NA
              NA               NA                NA                  NA
              NA               NA                NA                  NA
              NA               NA                NA                  NA
              NA               NA                NA                  NA
              NA               NA                NA                  NA
              NA               NA                NA                  NA
              NA               NA                NA                  NA
              NA               NA                NA                  NA
              NA               NA                NA                  NA
              NA               NA                NA                  NA
              NA               NA                NA                  NA
              NA               NA                NA                  NA
              NA               NA                NA                  NA
              NA               NA                NA                  NA
              NA               NA                NA                  NA
              NA               NA                NA                  NA
              NA               NA                NA                  NA
              NA               NA                NA                  NA
              NA               NA                NA                  NA
              NA               NA                NA                  NA
              NA               NA                NA                  NA
              NA               NA                NA                  NA
              NA               NA                NA                  NA
              NA               NA                NA                  NA
              NA               NA                NA                  NA
              NA               NA                NA                  NA
              NA               NA                NA                  NA
              NA               NA                NA                  NA
              NA               NA                NA                  NA
              NA               NA                NA                  NA
              NA               NA                NA                  NA
              NA               NA                NA                  NA
              NA               NA                NA                  NA
              NA               NA                NA                  NA
              NA               NA                NA                  NA
              NA               NA                NA                  NA
              NA               NA                NA                  NA
              NA               NA                NA                  NA
              NA               NA                NA                  NA
              NA               NA                NA                  NA
              NA               NA                NA                  NA
              NA               NA                NA                  NA
              NA               NA                NA                  NA
              NA               NA                NA                  NA
              NA               NA                NA                  NA
              NA               NA                NA                  NA
              NA               NA                NA                  NA
              NA               NA                NA                  NA
              NA               NA                NA                  NA
              NA               NA                NA                  NA
              NA               NA                NA                  NA
              NA               NA                NA                  NA
              NA               NA                NA                  NA
              NA               NA                NA                  NA
              NA               NA                NA                  NA
              NA               NA                NA                  NA
              NA               NA                NA                  NA
              NA               NA                NA                  NA
              NA               NA                NA                  NA
              NA               NA                NA                  NA
              NA               NA                NA                  NA
        2.073038         2.229904         1.5586219           1.4817812
        2.166647         2.324157         1.6244168           1.5510617
        2.001136         2.138875         1.4948337           1.4309860
        2.070491         2.221402         1.5532386           1.4822902
        1.917092         2.031254         1.4229827           1.3708764
        2.033531         2.181036         1.4135119           1.3469143
        2.121998         2.277267         1.4779081           1.4117471
        1.959777         2.086377         1.3504495           1.2926175
        2.043622         2.190302         1.4252441           1.3593936
        1.891754         2.006005         1.2987181           1.2477600
        2.005234         2.161556         0.8871330           0.8375166
        2.087017         2.250570         0.9612884           0.9175238
        1.943069         2.074375         0.8145140           0.7788158
        2.017421         2.171652         0.9392575           0.8982328
        1.892851         2.004515         0.7784726           0.7532256
        1.956771         2.107442         0.4671853           0.3452628
        2.038799         2.195713         0.6982749           0.6692706
        1.887687         2.020975         0.2414911           0.2226374
        1.975736         2.125047         0.7029840           0.6716009
        1.837858         1.956356         0.2216403           0.2191442
        2.073038         2.229904         0.2004341           0.1984032
        2.166647         2.324157         0.2010778           0.1994717
        2.001136         2.138875         0.1997482           0.1975034
        2.070491         2.221402         0.2004219           0.1987606
        1.917092         2.031254         0.1993791           0.1966499
 lrc_ess_post_mean lrc_ess_post_median lrc_map_mean    lrc_g_mean
                NA                  NA           NA            NA
                NA                  NA           NA            NA
                NA                  NA           NA            NA
                NA                  NA           NA            NA
                NA                  NA           NA            NA
                NA                  NA           NA            NA
                NA                  NA           NA            NA
                NA                  NA           NA            NA
                NA                  NA           NA            NA
                NA                  NA           NA            NA
                NA                  NA           NA            NA
                NA                  NA           NA            NA
                NA                  NA           NA            NA
                NA                  NA           NA            NA
                NA                  NA           NA            NA
                NA                  NA           NA            NA
                NA                  NA           NA            NA
                NA                  NA           NA            NA
                NA                  NA           NA            NA
                NA                  NA           NA            NA
                NA                  NA           NA            NA
                NA                  NA           NA            NA
                NA                  NA           NA            NA
                NA                  NA           NA            NA
                NA                  NA           NA            NA
                NA                  NA           NA            NA
                NA                  NA           NA            NA
                NA                  NA           NA            NA
                NA                  NA           NA            NA
                NA                  NA           NA            NA
                NA                  NA           NA            NA
                NA                  NA           NA            NA
                NA                  NA           NA            NA
                NA                  NA           NA            NA
                NA                  NA           NA            NA
                NA                  NA           NA            NA
                NA                  NA           NA            NA
                NA                  NA           NA            NA
                NA                  NA           NA            NA
                NA                  NA           NA            NA
                NA                  NA           NA            NA
                NA                  NA           NA            NA
                NA                  NA           NA            NA
                NA                  NA           NA            NA
                NA                  NA           NA            NA
                NA                  NA           NA            NA
                NA                  NA           NA            NA
                NA                  NA           NA            NA
                NA                  NA           NA            NA
                NA                  NA           NA            NA
                NA                  NA           NA            NA
                NA                  NA           NA            NA
                NA                  NA           NA            NA
                NA                  NA           NA            NA
                NA                  NA           NA            NA
                NA                  NA           NA            NA
                NA                  NA           NA            NA
                NA                  NA           NA            NA
                NA                  NA           NA            NA
                NA                  NA           NA            NA
                NA                  NA           NA            NA
                NA                  NA           NA            NA
                NA                  NA           NA            NA
                NA                  NA           NA            NA
                NA                  NA           NA            NA
                NA                  NA           NA            NA
                NA                  NA           NA            NA
                NA                  NA           NA            NA
                NA                  NA           NA            NA
                NA                  NA           NA            NA
                NA                  NA           NA            NA
                NA                  NA           NA            NA
                NA                  NA           NA            NA
                NA                  NA           NA            NA
                NA                  NA           NA            NA
          3.715718            3.541740  0.924130378  2.941302e-05
          3.826812            3.637790  0.924720520 -1.159706e-03
          3.603953            3.456388  0.923461057  1.096449e-03
          3.676932            3.496865  0.923302465  5.654995e-04
          3.465201            3.342935  0.921176309  2.198736e-03
          3.629749            3.466397  0.847020556 -1.534479e-01
          3.746724            3.569492  0.854009588 -1.385588e-01
          3.512656            3.375351  0.839959823 -1.685572e-01
          3.614991            3.451561  0.854819325 -1.293947e-01
          3.396057            3.273293  0.836722539 -1.705309e-01
          3.473854            3.325816  0.586373023 -4.084533e-01
          3.585585            3.431526  0.644073267 -2.976291e-01
          3.358586            3.239873  0.530424596 -5.156850e-01
          3.474721            3.333545  0.656477104 -2.633031e-01
          3.267175            3.159044  0.514319733 -5.417195e-01
          3.361790            3.217439  0.356222138 -9.761791e-01
          3.449696            3.302512  0.660065661 -2.437633e-01
          3.268673            3.149882  0.052508028 -1.709731e+00
          3.390391            3.248026  0.697306775 -1.485828e-01
          3.207219            3.103154  0.023552964 -1.784457e+00
          3.503885            3.345947  0.008473937 -1.978026e+00
          3.602394            3.437674  0.007470530 -1.982947e+00
          3.405234            3.260925  0.009418336 -1.972674e+00
          3.456895            3.311428  0.008532071 -1.978633e+00
          3.268078            3.155027  0.010882268 -1.965292e+00

Paired control-profile contrasts: 02-validation/sc4_boundary/paired.csv
    scenario          metric n_rep       lrc        pp         diff   se_paired
         Sc1        rmse_all   200 0.7048240 0.6990679  0.005756134 0.003594241
         Sc1          rmse_R   200 0.6877648 0.6819574  0.005807407 0.004780261
         Sc1         rmse_Rc   200 0.7171296 0.7113682  0.005761410 0.004200144
         Sc1      rmse_R_far   200 0.7006942 0.6961068  0.004587461 0.005576800
         Sc1     rmse_Rc_far   200 0.7330070 0.7255900  0.007417069 0.005395499
         Sc1  rmse_allprof_R   200 0.7396537 0.7537459 -0.014092240 0.004575105
         Sc1 rmse_allprof_Rc   200 0.7711499 0.7893613 -0.018211415 0.004626159
 Sc4_X5_d0.5        rmse_all   200 0.7198420 0.7041852  0.015656860 0.003423047
 Sc4_X5_d0.5          rmse_R   200 0.6945180 0.6847777  0.009740308 0.003984591
 Sc4_X5_d0.5         rmse_Rc   200 0.7403130 0.7189742  0.021338776 0.004349378
 Sc4_X5_d0.5      rmse_R_far   200 0.7127352 0.7041222  0.008612963 0.005252605
 Sc4_X5_d0.5     rmse_Rc_far   200 0.7462708 0.7186792  0.027591581 0.005209178
 Sc4_X5_d0.5  rmse_allprof_R   200 0.7450079 0.7540164 -0.009008548 0.004188183
 Sc4_X5_d0.5 rmse_allprof_Rc   200 0.8040116 0.7997651  0.004246446 0.004385055
   Sc4_X5_d1        rmse_all   200 0.7451899 0.7270312  0.018158730 0.003137135
   Sc4_X5_d1          rmse_R   200 0.7130422 0.7046069  0.008435392 0.004243905
   Sc4_X5_d1         rmse_Rc   200 0.7719464 0.7439092  0.028037219 0.004550590
   Sc4_X5_d1      rmse_R_far   200 0.7307245 0.7288620  0.001862534 0.005082141
   Sc4_X5_d1     rmse_Rc_far   200 0.7735279 0.7479817  0.025546271 0.005790543
   Sc4_X5_d1  rmse_allprof_R   200 0.7778104 0.7760079  0.001802514 0.004627816
   Sc4_X5_d1 rmse_allprof_Rc   200 0.8556692 0.8256144  0.030054820 0.004694436
   Sc4_X5_d2        rmse_all   200 0.7681857 0.7279550  0.040230693 0.004002430
   Sc4_X5_d2          rmse_R   200 0.7512141 0.7044431  0.046770951 0.005318244
   Sc4_X5_d2         rmse_Rc   200 0.7799550 0.7460368  0.033918197 0.005689987
   Sc4_X5_d2      rmse_R_far   200 0.7474272 0.7234761  0.023951035 0.004948639
   Sc4_X5_d2     rmse_Rc_far   200 0.7697519 0.7477625  0.021989475 0.005967259
   Sc4_X5_d2  rmse_allprof_R   200 0.8195647 0.7802126  0.039352054 0.005528484
   Sc4_X5_d2 rmse_allprof_Rc   200 0.8618928 0.8324525  0.029440268 0.005774357
      Sc5_d2        rmse_all   200 0.7243901 0.7024698  0.021920347 0.004099299
      Sc5_d2          rmse_R   200 0.7085183 0.6880635  0.020454736 0.004373587
      Sc5_d2         rmse_Rc   200 0.7360014 0.7127491  0.023252322 0.005381792
      Sc5_d2      rmse_R_far   200 0.7221851 0.6987580  0.023427055 0.004967861
      Sc5_d2     rmse_Rc_far   200 0.7487356 0.7233641  0.025371467 0.006042238
      Sc5_d2  rmse_allprof_R   200 0.7613947 0.7558050  0.005589703 0.004340960
      Sc5_d2 rmse_allprof_Rc   200 0.7895443 0.7869936  0.002550626 0.004701625
          z frac_lrc_better
  1.6014882           0.465
  1.2148723           0.480
  1.3717175           0.510
  0.8225974           0.520
  1.3746771           0.495
 -3.0802004           0.625
 -3.9366169           0.660
  4.5739547           0.360
  2.4444934           0.475
  4.9061676           0.385
  1.6397508           0.480
  5.2967245           0.350
 -2.1509441           0.580
  0.9683906           0.505
  5.7883155           0.355
  1.9876486           0.485
  6.1612278           0.325
  0.3664860           0.510
  4.4117227           0.370
  0.3894955           0.490
  6.4022219           0.355
 10.0515665           0.245
  8.7944344           0.290
  5.9610322           0.335
  4.8399234           0.365
  3.6850213           0.405
  7.1180556           0.325
  5.0984499           0.380
  5.3473403           0.385
  4.6768786           0.370
  4.3205534           0.360
  4.7157231           0.345
  4.1990184           0.370
  1.2876652           0.520
  0.5424988           0.520
